0.00000	0.00000	0.00000
0.00000	51.0000	255.000
1.00000	53.0000	255.000
3.00000	55.0000	255.000
5.00000	57.0000	255.000
7.00000	59.0000	255.000
9.00000	61.0000	255.000
11.0000	63.0000	255.000
13.0000	65.0000	255.000
15.0000	68.0000	255.000
17.0000	70.0000	255.000
18.0000	72.0000	255.000
20.0000	74.0000	255.000
22.0000	76.0000	255.000
24.0000	78.0000	255.000
26.0000	80.0000	255.000
28.0000	83.0000	255.000
30.0000	85.0000	255.000
32.0000	87.0000	255.000
34.0000	89.0000	255.000
35.0000	91.0000	255.000
37.0000	93.0000	255.000
39.0000	95.0000	255.000
41.0000	98.0000	255.000
43.0000	100.000	255.000
45.0000	102.000	255.000
47.0000	104.000	255.000
49.0000	106.000	255.000
51.0000	108.000	255.000
52.0000	110.000	255.000
54.0000	112.000	255.000
56.0000	114.000	255.000
58.0000	116.000	255.000
60.0000	118.000	255.000
62.0000	120.000	255.000
64.0000	122.000	255.000
66.0000	124.000	255.000
68.0000	126.000	255.000
69.0000	128.000	255.000
71.0000	130.000	255.000
73.0000	131.000	255.000
75.0000	132.000	255.000
77.0000	133.000	255.000
79.0000	134.000	255.000
81.0000	135.000	255.000
83.0000	136.000	255.000
85.0000	137.000	255.000
86.0000	138.000	255.000
88.0000	139.000	255.000
90.0000	140.000	255.000
92.0000	141.000	255.000
90.0000	142.000	167.000
88.0000	143.000	166.000
86.0000	144.000	165.000
85.0000	145.000	163.000
83.0000	146.000	162.000
81.0000	147.000	161.000
79.0000	148.000	158.000
77.0000	149.000	157.000
75.0000	150.000	155.000
73.0000	151.000	153.000
71.0000	152.000	153.000
69.0000	153.000	151.000
67.0000	154.000	149.000
65.0000	155.000	147.000
63.0000	156.000	146.000
61.0000	157.000	142.000
59.0000	158.000	139.000
57.0000	160.000	137.000
55.0000	162.000	134.000
53.0000	163.000	131.000
51.0000	164.000	127.000
49.0000	165.000	124.000
47.0000	167.000	122.000
45.0000	168.000	119.000
43.0000	170.000	116.000
41.0000	170.000	114.000
39.0000	171.000	111.000
37.0000	173.000	108.000
35.0000	175.000	106.000
33.0000	176.000	103.000
31.0000	178.000	98.0000
29.0000	179.000	95.0000
27.0000	180.000	92.0000
25.0000	182.000	88.0000
23.0000	184.000	84.0000
21.0000	186.000	81.0000
19.0000	187.000	77.0000
18.0000	189.000	73.0000
17.0000	191.000	70.0000
16.0000	192.000	64.0000
17.0000	193.000	55.0000
22.0000	196.000	50.0000
24.0000	198.000	46.0000
28.0000	200.000	42.0000
30.0000	201.000	39.0000
32.0000	202.000	37.0000
34.0000	203.000	35.0000
37.0000	204.000	34.0000
42.0000	206.000	32.0000
48.0000	208.000	30.0000
53.0000	209.000	29.0000
56.0000	211.000	27.0000
59.0000	213.000	25.0000
62.0000	214.000	23.0000
66.0000	216.000	21.0000
71.0000	216.000	19.0000
77.0000	217.000	18.0000
84.0000	219.000	16.0000
89.0000	221.000	15.0000
93.0000	223.000	13.0000
99.0000	225.000	12.0000
107.000	226.000	10.0000
115.000	227.000	9.00000
122.000	229.000	8.00000
127.000	230.000	6.00000
131.000	232.000	4.00000
135.000	233.000	4.00000
139.000	235.000	3.00000
142.000	238.000	2.00000
151.000	239.000	0.00000
153.000	239.000	0.00000
157.000	239.000	0.00000
162.000	240.000	0.00000
166.000	241.000	0.00000
170.000	241.000	0.00000
173.000	242.000	0.00000
176.000	242.000	0.00000
179.000	242.000	0.00000
182.000	242.000	0.00000
186.000	241.000	0.00000
189.000	241.000	0.00000
190.000	240.000	0.00000
193.000	238.000	0.00000
195.000	237.000	0.00000
197.000	236.000	0.00000
198.000	236.000	0.00000
202.000	234.000	0.00000
206.000	233.000	0.00000
210.000	231.000	0.00000
212.000	229.000	0.00000
214.000	228.000	0.00000
216.000	226.000	0.00000
218.000	224.000	0.00000
219.000	222.000	0.00000
220.000	220.000	0.00000
222.000	218.000	0.00000
222.000	215.000	0.00000
223.000	211.000	0.00000
225.000	207.000	0.00000
226.000	204.000	0.00000
226.000	202.000	0.00000
227.000	198.000	0.00000
228.000	193.000	0.00000
229.000	189.000	0.00000
230.000	185.000	0.00000
231.000	184.000	0.00000
232.000	181.000	0.00000
233.000	179.000	0.00000
234.000	177.000	0.00000
234.000	174.000	0.00000
235.000	171.000	0.00000
236.000	168.000	0.00000
236.000	166.000	0.00000
237.000	162.000	0.00000
238.000	158.000	0.00000
240.000	155.000	0.00000
241.000	153.000	0.00000
242.000	152.000	0.00000
243.000	150.000	0.00000
243.000	148.000	0.00000
244.000	147.000	0.00000
245.000	145.000	0.00000
246.000	143.000	0.00000
247.000	142.000	0.00000
247.000	140.000	0.00000
248.000	138.000	0.00000
248.000	136.000	0.00000
248.000	133.000	0.00000
249.000	131.000	0.00000
249.000	129.000	0.00000
249.000	126.000	0.00000
249.000	124.000	0.00000
250.000	122.000	0.00000
250.000	120.000	0.00000
250.000	118.000	0.00000
249.000	116.000	0.00000
249.000	113.000	0.00000
249.000	110.000	0.00000
249.000	108.000	0.00000
248.000	105.000	0.00000
248.000	101.000	0.00000
248.000	97.0000	0.00000
247.000	95.0000	0.00000
247.000	93.0000	0.00000
246.000	89.0000	0.00000
246.000	87.0000	0.00000
245.000	86.0000	0.00000
245.000	82.0000	0.00000
244.000	80.0000	0.00000
243.000	78.0000	0.00000
242.000	76.0000	0.00000
241.000	74.0000	2.00000
241.000	73.0000	6.00000
240.000	72.0000	10.0000
239.000	70.0000	14.0000
238.000	68.0000	18.0000
237.000	66.0000	22.0000
237.000	65.0000	26.0000
236.000	63.0000	30.0000
235.000	61.0000	34.0000
235.000	61.0000	38.0000
234.000	59.0000	42.0000
233.000	57.0000	46.0000
232.000	54.0000	50.0000
231.000	52.0000	54.0000
230.000	57.0000	59.0000
229.000	63.0000	63.0000
228.000	67.0000	67.0000
227.000	71.0000	71.0000
226.000	75.0000	75.0000
224.000	79.0000	79.0000
223.000	83.0000	83.0000
222.000	86.0000	86.0000
220.000	87.0000	87.0000
218.000	95.0000	95.0000
217.000	99.0000	99.0000
216.000	103.000	103.000
215.000	107.000	107.000
214.000	111.000	111.000
214.000	115.000	115.000
213.000	119.000	119.000
211.000	123.000	123.000
211.000	128.000	129.000
210.000	132.000	134.000
209.000	136.000	138.000
208.000	140.000	142.000
207.000	144.000	146.000
205.000	148.000	150.000
204.000	152.000	154.000
204.000	156.000	158.000
204.000	160.000	162.000
202.000	164.000	166.000
200.000	168.000	170.000
199.000	172.000	174.000
197.000	176.000	178.000
196.000	180.000	182.000
194.000	184.000	186.000
193.000	189.000	191.000
192.000	192.000	194.000
191.000	196.000	198.000
189.000	201.000	203.000
188.000	205.000	207.000
187.000	209.000	211.000
196.000	215.000	216.000
255.000	255.000	255.000
