253.000	252.000	252.000
253.000	252.000	252.000
251.000	250.000	250.000
250.000	250.000	250.000
250.000	249.000	249.000
249.000	249.000	249.000
249.000	248.000	248.000
248.000	248.000	248.000
248.000	247.000	247.000
247.000	247.000	247.000
247.000	246.000	246.000
246.000	246.000	246.000
246.000	245.000	245.000
246.000	245.000	245.000
245.000	244.000	244.000
245.000	244.000	244.000
244.000	243.000	243.000
244.000	242.000	243.000
244.000	242.000	243.000
243.000	241.000	242.000
243.000	241.000	242.000
242.000	240.000	241.000
242.000	239.000	241.000
242.000	239.000	241.000
241.000	238.000	240.000
241.000	238.000	240.000
240.000	237.000	239.000
240.000	236.000	239.000
240.000	236.000	239.000
239.000	235.000	238.000
239.000	235.000	238.000
239.000	234.000	238.000
238.000	233.000	237.000
238.000	233.000	237.000
238.000	232.000	237.000
237.000	232.000	237.000
237.000	231.000	236.000
236.000	230.000	236.000
236.000	230.000	236.000
236.000	229.000	236.000
235.000	228.000	235.000
235.000	228.000	235.000
235.000	227.000	235.000
235.000	226.000	235.000
234.000	226.000	234.000
233.000	225.000	234.000
233.000	224.000	234.000
232.000	223.000	234.000
232.000	223.000	233.000
231.000	222.000	233.000
231.000	221.000	233.000
230.000	221.000	232.000
229.000	220.000	232.000
229.000	219.000	232.000
228.000	218.000	232.000
227.000	218.000	231.000
226.000	217.000	231.000
226.000	217.000	231.000
225.000	216.000	230.000
224.000	215.000	230.000
223.000	214.000	230.000
223.000	214.000	230.000
222.000	213.000	229.000
221.000	212.000	229.000
220.000	211.000	229.000
219.000	211.000	229.000
218.000	209.000	229.000
217.000	209.000	228.000
216.000	208.000	228.000
215.000	208.000	228.000
214.000	206.000	228.000
213.000	206.000	227.000
212.000	205.000	227.000
211.000	205.000	227.000
210.000	204.000	227.000
208.000	202.000	227.000
207.000	202.000	226.000
206.000	201.000	226.000
205.000	201.000	226.000
204.000	200.000	226.000
202.000	199.000	226.000
200.000	197.000	226.000
199.000	197.000	225.000
198.000	196.000	226.000
196.000	196.000	225.000
195.000	195.000	225.000
194.000	195.000	225.000
192.000	194.000	225.000
192.000	194.000	224.000
191.000	194.000	225.000
191.000	194.000	224.000
190.000	194.000	224.000
189.000	194.000	224.000
188.000	194.000	224.000
187.000	195.000	224.000
185.000	194.000	224.000
185.000	195.000	224.000
184.000	195.000	224.000
183.000	195.000	224.000
183.000	196.000	223.000
182.000	196.000	223.000
181.000	196.000	223.000
180.000	197.000	223.000
179.000	197.000	223.000
178.000	198.000	223.000
177.000	198.000	223.000
176.000	199.000	223.000
175.000	199.000	223.000
174.000	200.000	223.000
173.000	200.000	223.000
172.000	201.000	223.000
172.000	202.000	222.000
171.000	203.000	222.000
170.000	204.000	222.000
169.000	204.000	222.000
168.000	205.000	222.000
167.000	206.000	222.000
166.000	207.000	222.000
165.000	208.000	222.000
165.000	210.000	222.000
164.000	211.000	222.000
163.000	212.000	222.000
162.000	213.000	222.000
161.000	215.000	222.000
160.000	216.000	222.000
159.000	217.000	222.000
158.000	219.000	222.000
157.000	220.000	222.000
156.000	222.000	222.000
155.000	222.000	222.000
154.000	222.000	220.000
153.000	222.000	218.000
152.000	222.000	217.000
151.000	222.000	215.000
149.000	223.000	213.000
148.000	223.000	211.000
147.000	223.000	210.000
146.000	223.000	208.000
145.000	223.000	206.000
144.000	223.000	204.000
143.000	223.000	202.000
142.000	223.000	200.000
140.000	223.000	197.000
139.000	223.000	195.000
138.000	223.000	193.000
138.000	223.000	191.000
137.000	223.000	188.000
136.000	223.000	186.000
135.000	223.000	183.000
134.000	223.000	181.000
132.000	224.000	178.000
131.000	224.000	176.000
130.000	224.000	173.000
129.000	224.000	170.000
128.000	224.000	168.000
127.000	224.000	165.000
126.000	224.000	162.000
125.000	224.000	159.000
124.000	224.000	156.000
122.000	225.000	153.000
121.000	225.000	150.000
120.000	225.000	146.000
119.000	225.000	143.000
118.000	225.000	140.000
118.000	225.000	137.000
116.000	225.000	133.000
114.000	226.000	129.000
113.000	226.000	126.000
112.000	226.000	122.000
111.000	226.000	118.000
111.000	226.000	116.000
109.000	227.000	112.000
108.000	227.000	107.000
109.000	227.000	106.000
111.000	227.000	105.000
114.000	227.000	105.000
115.000	227.000	104.000
117.000	228.000	102.000
118.000	228.000	100.000
120.000	228.000	99.0000
123.000	228.000	99.0000
125.000	229.000	97.0000
127.000	229.000	96.0000
129.000	229.000	94.0000
131.000	229.000	93.0000
134.000	229.000	93.0000
137.000	230.000	91.0000
139.000	230.000	90.0000
141.000	230.000	88.0000
144.000	230.000	88.0000
147.000	231.000	86.0000
150.000	231.000	85.0000
152.000	231.000	83.0000
155.000	231.000	83.0000
158.000	232.000	81.0000
161.000	232.000	80.0000
164.000	232.000	78.0000
167.000	232.000	78.0000
171.000	233.000	76.0000
174.000	233.000	75.0000
177.000	233.000	73.0000
181.000	234.000	72.0000
184.000	234.000	71.0000
188.000	234.000	70.0000
192.000	234.000	69.0000
195.000	235.000	67.0000
199.000	235.000	66.0000
203.000	235.000	65.0000
207.000	236.000	63.0000
211.000	236.000	62.0000
216.000	236.000	62.0000
220.000	237.000	59.0000
224.000	237.000	58.0000
228.000	237.000	58.0000
233.000	238.000	55.0000
237.000	238.000	54.0000
238.000	235.000	54.0000
239.000	231.000	51.0000
239.000	227.000	50.0000
240.000	223.000	49.0000
240.000	218.000	47.0000
240.000	214.000	46.0000
241.000	210.000	45.0000
241.000	205.000	43.0000
241.000	201.000	42.0000
242.000	196.000	41.0000
242.000	191.000	39.0000
243.000	187.000	38.0000
243.000	182.000	36.0000
243.000	177.000	35.0000
244.000	172.000	34.0000
244.000	167.000	32.0000
245.000	162.000	31.0000
245.000	157.000	30.0000
245.000	151.000	28.0000
246.000	146.000	27.0000
246.000	140.000	25.0000
247.000	135.000	24.0000
247.000	129.000	23.0000
247.000	123.000	22.0000
248.000	117.000	20.0000
248.000	111.000	18.0000
249.000	106.000	17.0000
249.000	99.0000	15.0000
250.000	93.0000	14.0000
250.000	85.0000	13.0000
251.000	78.0000	8.00000
251.000	74.0000	13.0000
252.000	67.0000	8.00000
252.000	61.0000	7.00000
253.000	54.0000	5.00000
253.000	47.0000	4.00000
254.000	40.0000	2.00000
254.000	33.0000	1.00000
254.000	27.0000	0.00000
200.000	27.0000	0.00000
